  C - bound                                                                     
------------------------------------------------------------------------        
coupling = LS    !   LS coupling                                                
nz =  6          !   nuclear charge                                             
nelc = 5         !   number of electrons                                        
------------------------------------------------------------------------        
ntarg =  5       !   number of target states                                    
------------------------------------------------------------------------        
2s2_2p_2Po.c         targ_001.c   1   2  -1      -37.34552249      2   4        
2s_2p2_2D.c          targ_002.c   2   2   1      -36.97666890      1   2        
2s_2p2_2S.c          targ_003.c   0   2   1      -36.87483164      1   0        
2s_2p2_2P.c          targ_004.c   1   2   1      -36.78943785      1   0        
2p3_2Po.c            targ_005.c   1   2  -1      -36.50131416      2   0        
------------------------------------------------------------------------
nct =     7
nwt =     6
  1s 2s1 2p1 2p2 2s2 2p3
------------------------------------------------------------------------
nlsp =    4       !  number of partial waves                                    
------------------------------------------------------------------------        
0-     0    0   -1   p0.c                  pert_001.c       1    2              
1-     2    0   -1   p1.c                  pert_002.c       4    2              
2-     4    0   -1   p2.c                  pert_003.c       3    2              
3-     6    0   -1   p3.c                  pert_004.c       1    2              
------------------------------------------------------------------------
channels:
------------------------------------------------------------------------
  1.  0-   nch =   9  nc =    14     1
 ks4    0    1    1          2    0
 kd1    2    1    2          4    0
 kp5    1    2    3          5    0
 kf1    3    2    4          6    0
 kp6    1    3    5          7    0
 kp7    1    4    6          8    0
 kp8    1    4    7          9    0
 ks5    0    5    8         11    0
 kd2    2    5    9         13    0
------------------------------------------------------------------------
  2.  1-   nch =  23  nc =    37     4
 ks4    0    1    1          2    0
 kd1    2    1    2          4    0
 ks5    0    1    3          6    0
 kd2    2    1    4          8    0
 kd3    2    1    5         10    0
 kp5    1    2    6         11    0
 kf1    3    2    7         12    0
 kp6    1    2    8         13    0
 kf2    3    2    9         14    0
 kp7    1    2   10         15    0
 kf3    3    2   11         16    0
 kp8    1    3   12         17    0
 kp9    1    3   13         18    0
 kpa    1    4   14         19    0
 kpb    1    4   15         20    0
 kpc    1    4   16         21    0
 kpd    1    4   17         22    0
 kf4    3    4   18         23    0
 ks6    0    5   19         25    0
 kd4    2    5   20         27    0
 ks7    0    5   21         29    0
 kd5    2    5   22         31    0
 kd6    2    5   23         33    0
------------------------------------------------------------------------
  3.  2-   nch =  26  nc =    39     3
 kd1    2    1    1          2    0
 ks4    0    1    2          4    0
 kd2    2    1    3          6    0
 kd3    2    1    4          8    0
 kd4    2    1    5         10    0
 kp5    1    2    6         11    0
 kf1    3    2    7         12    0
 kp6    1    2    8         13    0
 kf2    3    2    9         14    0
 kp7    1    2   10         15    0
 kf3    3    2   11         16    0
 kp8    1    2   12         17    0
 kf4    3    2   13         18    0
 kp9    1    3   14         19    0
 kf5    3    3   15         20    0
 kpa    1    4   16         21    0
 kf6    3    4   17         22    0
 kpb    1    4   18         23    0
 kpc    1    4   19         24    0
 kf7    3    4   20         25    0
 kf8    3    4   21         26    0
 kd5    2    5   22         28    0
 ks5    0    5   23         30    0
 kd6    2    5   24         32    0
 kd7    2    5   25         34    0
 kd8    2    5   26         36    0
------------------------------------------------------------------------
  4.  3-   nch =  18  nc =    25     1
 kd1    2    1    1          2    0
 kd2    2    1    2          4    0
 kd3    2    1    3          6    0
 kp5    1    2    4          7    0
 kf1    3    2    5          8    0
 kp6    1    2    6          9    0
 kf2    3    2    7         10    0
 kp7    1    2    8         11    0
 kf3    3    2    9         12    0
 kf4    3    3   10         13    0
 kf5    3    3   11         14    0
 kf6    3    4   12         15    0
 kp8    1    4   13         16    0
 kf7    3    4   14         17    0
 kf8    3    4   15         18    0
 kd4    2    5   16         20    0
 kd5    2    5   17         22    0
 kd6    2    5   18         24    0
------------------------------------------------------------------------
max_ch  =       26
max_nc  =       39
max_wf  =       34
------------------------------------------------------------------------
